scalelar
a = 5

veter
a = [1,2,3,4]
-----------------------------------------
matrix
a = [
	[1],[2],[3],[4],
      [1],[2],[3],[4],
      [1],[2],[3],[4],
		]
------------------------------------------
tensor
a = [[
	[1],[2],[3],[4],
      [1],[2],[3],[4],
      [1],[2],[3],[4],
		],
   [
	[1],[2],[3],[4],
      [1],[2],[3],[4],
      [1],[2],[3],[4],
		],
  [
	[1],[2],[3],[4],
      [1],[2],[3],[4],
      [1],[2],[3],[4],
		]]
---------------------------------------------------------------------














